7 3 0 -8.64914828233
7 3 1 -8.33228183003
7 3 2 -8.64914828233
7 3 3 -8.49905364703
4 7 0 -4.68559
4 7 1 -3.439
4 7 2 -4.0951
4 7 3 -4.0951
1 3 0 -6.8618940391
1 3 1 -6.513215599
1 3 2 -6.12579511
1 3 3 -6.513215599
6 4 0 -8.33228183003
6 4 1 -8.33228183003
6 4 2 -8.64914828233
6 4 3 -8.64914828233
3 0 0 -7.94108867905
3 0 1 -7.7123207545
3 0 2 -7.7123207545
3 0 3 -8.14697981115
5 4 0 -8.14697981115
5 4 1 -8.33228183003
5 4 2 -8.33228183003
5 4 3 -8.49905364703
0 7 0 0.0
0 7 1 0.0
0 7 2 0.0
0 7 3 0.0
5 6 0 -5.217031
5 6 1 -4.68559
5 6 2 -5.217031
5 6 3 -5.217031
5 1 0 -8.33228183003
5 1 1 -8.14697981115
5 1 2 -7.94108867905
5 1 3 -8.14697981115
3 7 0 -4.0951
3 7 1 -2.71
3 7 2 -3.439
3 7 3 -4.0951
2 5 0 -5.6953279
2 5 1 -5.6953279
2 5 2 -5.217031
2 5 3 -4.68559
7 2 0 -8.78423345409
7 2 1 -8.64914828233
7 2 2 -8.49905364703
7 2 3 -8.64914828233
4 0 0 -8.14697981114
4 0 1 -7.94108867905
4 0 2 -8.14697981115
4 0 3 -8.33228183003
1 2 0 -7.17570463519
1 2 1 -7.17570463519
1 2 2 -6.513215599
1 2 3 -7.17570463519
6 7 0 -9.10594776503
6 7 1 -9.10134583479
6 7 2 -9.10324625954
6 7 3 -9.01517141791
7 6 0 -8.78423345409
7 6 1 -8.90581010201
7 6 2 -9.01522909391
7 6 3 -8.90581010818
6 3 0 -8.33228183003
6 3 1 -8.14697981115
6 3 2 -8.49905364703
6 3 3 -8.49905364703
1 5 0 -6.12579511
1 5 1 -6.12579511
1 5 2 -5.6953279
1 5 3 -5.217031
3 6 0 -4.68559
3 6 1 -4.0951
3 6 2 -3.439
3 6 3 -4.68559
2 2 0 -7.45813417167
2 2 1 -6.8618940391
2 2 2 -7.17570463519
2 2 3 -7.45813417167
5 3 0 -7.94108867905
5 3 1 -7.94108867905
5 3 2 -8.33228183003
5 3 3 -8.33228183003
1 1 0 -7.45813417167
1 1 1 -7.45813417167
1 1 2 -6.8618940391
1 1 3 -7.45813417167
2 7 0 -2.71
2 7 1 -1.9
2 7 2 -2.71
2 7 3 -3.439
3 2 0 -7.7123207545
3 2 1 -7.17570463519
3 2 2 -7.45813417167
3 2 3 -7.7123207545
0 0 0 -7.7123207545
0 0 1 -7.7123207545
0 0 2 -7.45813417167
0 0 3 -7.45813417167
5 0 0 -8.33228183003
5 0 1 -8.14697981115
5 0 2 -8.14697981115
5 0 3 -8.33228183003
7 1 0 -8.90581010868
7 1 1 -8.78423345409
7 1 2 -8.64914828233
7 1 3 -8.78423345409
4 5 0 -5.217031
4 5 1 -4.68559
4 5 2 -4.68559
4 5 3 -5.217031
0 4 0 -6.513215599
0 4 1 -6.513215599
0 4 2 -6.12579511
0 4 3 -6.12579511
1 4 0 -6.513215599
1 4 1 -6.513215599
1 4 2 -5.6953279
1 4 3 -5.6953279
7 7 0 -8.90581010849
7 7 1 -9.1132077974
7 7 2 -9.01522428414
7 7 3 -9.01522511882
7 5 0 -8.64914828233
7 5 1 -8.64914828233
7 5 2 -8.90581010868
7 5 3 -8.78423345409
0 5 0 -6.513215599
0 5 1 -6.12579511
0 5 2 -6.12579511
0 5 3 -5.6953279
2 1 0 -7.7123207545
2 1 1 -7.17570463519
2 1 2 -7.17570463519
2 1 3 -7.7123207545
4 2 0 -7.7123207545
4 2 1 -7.45813417167
4 2 2 -7.94108867905
4 2 3 -7.94108867905
1 0 0 -7.45813417167
1 0 1 -7.7123207545
1 0 2 -7.17570463519
1 0 3 -7.7123207545
6 5 0 -8.49905364703
6 5 1 -8.64914828233
6 5 2 -8.64914828233
6 5 3 -8.78423345409
3 5 0 -5.217031
3 5 1 -5.217031
3 5 2 -4.0951
3 5 3 -5.217031
0 1 0 -7.7123207545
0 1 1 -7.45813417167
0 1 2 -7.17570463519
0 1 3 -7.17570463519
7 0 0 -8.90581010868
7 0 1 -8.90581010868
7 0 2 -8.78423345409
7 0 3 -8.90581010868
4 6 0 -5.217031
4 6 1 -4.0951
4 6 2 -4.0951
4 6 3 -5.217031
5 2 0 -8.14697981115
5 2 1 -7.7123207545
5 2 2 -8.14697981115
5 2 3 -7.94108867905
3 1 0 -7.94108867905
3 1 1 -7.45813417167
3 1 2 -7.45813417167
3 1 3 -7.7123207545
0 2 0 -7.45813417167
0 2 1 -7.17570463519
0 2 2 -7.17570463519
0 2 3 -6.8618940391
7 4 0 -8.49905364703
7 4 1 -8.49905364703
7 4 2 -8.78423345409
7 4 3 -8.64914828233
2 0 0 -7.7123207545
2 0 1 -7.45813417167
2 0 2 -7.45813417167
2 0 3 -7.94108867905
4 3 0 -7.7123207545
4 3 1 -7.94108867905
4 3 2 -7.94108867905
4 3 3 -8.14697981115
1 7 0 -1.9
1 7 1 -1.0
1 7 2 -1.9
1 7 3 -2.71
3 4 0 -5.217031
3 4 1 -5.6953279
3 4 2 -4.68559
3 4 3 -5.217031
2 4 0 -5.6953279
2 4 1 -6.12579511
2 4 2 -5.217031
2 4 3 -5.217031
