7 3 -8.33228183003
4 7 -3.439
1 3 -6.12579511
6 4 -8.33228183003
3 0 -7.7123207545
5 4 -8.14697981115
0 7 0.0
5 6 -4.68559
5 1 -7.94108867905
3 7 -2.71
2 5 -4.68559
7 2 -8.49905364703
4 0 -7.94108867905
1 2 -6.513215599
6 7 -9.01517141791
7 6 -8.78423345409
6 3 -8.14697981115
1 5 -5.217031
3 6 -3.439
2 2 -6.8618940391
5 3 -7.94108867905
1 1 -6.8618940391
2 7 -1.9
3 2 -7.17570463519
0 0 -7.45813417167
5 0 -8.14697981115
7 1 -8.64914828233
4 5 -4.68559
0 4 -6.12579511
1 4 -5.6953279
7 7 -8.90581010849
7 5 -8.64914828233
0 5 -5.6953279
2 1 -7.17570463519
4 2 -7.45813417167
1 0 -7.17570463519
6 5 -8.49905364703
3 5 -4.0951
0 1 -7.17570463519
7 0 -8.78423345409
4 6 -4.0951
5 2 -7.7123207545
3 1 -7.45813417167
0 2 -6.8618940391
7 4 -8.49905364703
2 0 -7.45813417167
4 3 -7.7123207545
1 7 -1.0
3 4 -4.68559
2 4 -5.217031
