7 3 -8.33228183003
4 7 -3.30855953404
1 3 -6.12579511
6 4 -8.19069278225
3 0 -7.21428932386
5 4 -8.1016310528
0 7 0.0
5 6 -3.63282700585
5 1 -7.63443940384
3 7 -2.71
2 5 -4.68559
7 2 -8.49905364703
4 0 -7.37060792809
1 2 -6.513215599
6 7 -8.2247518334
7 6 -8.24142491699
6 3 -8.14697981115
1 5 -5.217031
3 6 -3.439
2 2 -6.8618940391
5 3 -7.94108867905
1 1 -6.84251801482
2 7 -1.9
3 2 -7.17570463519
0 0 -6.88327626706
5 0 -7.50162943542
7 1 -8.64914828233
4 5 -3.88882760467
0 4 -5.73740583478
1 4 -5.6953279
7 7 -8.24075791557
7 5 -8.23865977245
0 5 -5.54880852569
2 1 -7.02570184708
4 2 -7.45813417167
1 0 -6.94514776497
6 5 -8.20521829376
3 5 -4.0951
0 1 -6.81755747006
7 0 -8.78423345409
4 6 -3.63317624888
5 2 -7.7123207545
3 1 -7.18072408876
0 2 -6.7452461687
7 4 -8.26464876745
2 0 -7.06375450259
4 3 -7.7123207545
1 7 -1.0
3 4 -4.68559
2 4 -5.217031
