7 3 -8.33228183003
4 7 -3.43899999974
1 3 -6.12579511
6 4 -8.33223019817
3 0 -7.5253590629
5 4 -8.14697980723
0 7 0.0
5 6 -4.50529694322
5 1 -7.94073159532
3 7 -2.71
2 5 -4.68559
7 2 -8.49905364703
4 0 -7.66854979936
1 2 -6.513215599
6 7 -8.4603071937
7 6 -8.46633813022
6 3 -8.14697981115
1 5 -5.217031
3 6 -3.439
2 2 -6.8618940391
5 3 -7.94108867905
1 1 -6.86189403903
2 7 -1.9
3 2 -7.17570463519
0 0 -7.11290506073
5 0 -7.81270707148
7 1 -8.64914828233
4 5 -4.68304098629
0 4 -6.12403550592
1 4 -5.6953279
7 7 -8.46509740383
7 5 -8.47501149616
0 5 -5.69532723869
2 1 -7.17568157566
4 2 -7.45813417167
1 0 -7.15909221822
6 5 -8.43344353555
3 5 -4.0951
0 1 -7.07403678303
7 0 -8.78423345409
4 6 -4.09506273197
5 2 -7.7123207545
3 1 -7.45624680434
0 2 -6.86188882075
7 4 -8.49619117032
2 0 -7.36563775301
4 3 -7.7123207545
1 7 -1.0
3 4 -4.68559
2 4 -5.217031
