7 3 -8.33228183003
4 7 -3.43899999972
1 3 -6.12579511
6 4 -8.33224950951
3 0 -7.53516617441
5 4 -8.14697981065
0 7 0.0
5 6 -4.40204331019
5 1 -7.94033267913
3 7 -2.71
2 5 -4.68559
7 2 -8.49905364703
4 0 -7.6911238185
1 2 -6.513215599
6 7 -8.48935464583
7 6 -8.48894611309
6 3 -8.14697981115
1 5 -5.217031
3 6 -3.439
2 2 -6.8618940391
5 3 -7.94108867905
1 1 -6.86189403909
2 7 -1.9
3 2 -7.17570463519
0 0 -7.14325131057
5 0 -7.82723655362
7 1 -8.64914828233
4 5 -4.68352207161
0 4 -6.12457452439
1 4 -5.6953279
7 7 -8.48841236433
7 5 -8.48399620768
0 5 -5.69532765674
2 1 -7.17569054372
4 2 -7.45813417167
1 0 -7.14997311741
6 5 -8.45181388366
3 5 -4.0951
0 1 -7.07860077232
7 0 -8.78423345409
4 6 -4.09507052052
5 2 -7.7123207545
3 1 -7.4572848247
0 2 -6.86189319664
7 4 -8.49614525079
2 0 -7.3587468169
4 3 -7.7123207545
1 7 -1.0
3 4 -4.68559
2 4 -5.217031
